a:authenticate:(authenticate,28,53)
a:be:(be,108)(been,108)(is,104)
a:been:(been,108)
a:button:(button,40,52,76,99,137)
a:button0:(button0,91,93,95,97)
a:button1:(button1,32,44,89)
a:button2:(button2,34,46)
a:button3:(button3,36,48,74)
a:button4:(button4,38,50,135)
a:cancel:(cancel,86)
a:card:(card,25)
a:check:(check,23,105,149)
a:clear:(clear,26,61,65,85,123,126,138,145,146)
a:clear.:(clear.,108)
a:cmd:(cmd,24,25,31,35,36,37,38,39,40,43,47,48,49,50,51,52,73,74,75,76,88,90,91,92,93,94,95,96,97,98,99,106,107,134,135,136,137)
a:confirm:(confirm,39,40,51,52,75,76,98,99,136,137)
a:connect:(connect,15,17,56,114,121)
a:create:(create,77)
a:credit:(credit,111,112,117)
a:database:(database,15)
a:delay:(delay,60,64,109,125,140,144)
a:deposit:(deposit,107)(deposited,108)
a:deposited:(deposited,108)
a:disconnect:(disconnect,58,116,122)
a:display:(display,21,22,27,29,41,63,66,67,68,69,70,71,86,100,101,102,103,108,124,127,128,129,130,131,132,139,141,142,143,147,148)
a:draw:(draw,18,19)
a:enable:(rolloverenabled,24,25,31,32,33,34,35,36,37,38,39,40,43,44,45,46,47,48,49,50,51,52,73,74,75,76,79,88,89,90,91,92,93,94,95,96,97,98,99,106,107,134,135,136,137)
a:enabled:(rolloverenabled,24,25,31,32,33,34,35,36,37,38,39,40,43,44,45,46,47,48,49,50,51,52,73,74,75,76,79,88,89,90,91,92,93,94,95,96,97,98,99,106,107,134,135,136,137)
a:ensure:(ensure,14)
a:enter:(enter,29,41,71,86,132)
a:envelopecontain:(envelopecontaining,100)
a:envelopecontaine:(envelopecontaining,100)
a:envelopecontaining:(envelopecontaining,100)
a:evt:(evt,24,31,33,35,37,39,43,45,47,49,51,73,75,88,90,92,94,96,98,106,134,136)
a:execute:(execute,80)
a:exit:(exiting,139)
a:exiting:(exiting,139)
a:get:(get,30,42,54,55,72,81,82,84,87,110,113,118,119,133)
a:has:(has,108)
a:have:(has,108)
a:init:(init,3,4,6,8,9)
a:insert:(insert,21,22,100,147,148)
a:is:(is,104)
a:leave:(left,24,25,31,32,33,34,35,36,37,38,39,40,43,44,45,46,47,48,49,50,51,52,73,74,75,76,79,88,89,90,91,92,93,94,95,96,97,98,99,106,107,134,135,136,137)
a:left:(left,24,25,31,32,33,34,35,36,37,38,39,40,43,44,45,46,47,48,49,50,51,52,73,74,75,76,79,88,89,90,91,92,93,94,95,96,97,98,99,106,107,134,135,136,137)
a:main:(main,1)
a:new:(new,2,5,7,10,11,12,13,57,78,79,115)
a:panel:(panel,18,19)
a:perform:(perform,62)
a:please:(please,21,29,86,100,141,147)
a:prompt:(prompt,83)
a:put:(put,79,103,106,107,123)
a:receive:(received,104)
a:received:(received,104)
a:remove:(remove,141,142,146)
a:rollover:(rolloverenabled,24,25,31,32,33,34,35,36,37,38,39,40,43,44,45,46,47,48,49,50,51,52,73,74,75,76,79,88,89,90,91,92,93,94,95,96,97,98,99,106,107,134,135,136,137)
a:rolloverenabl:(rolloverenabled,24,25,31,32,33,34,35,36,37,38,39,40,43,44,45,46,47,48,49,50,51,52,73,74,75,76,79,88,89,90,91,92,93,94,95,96,97,98,99,106,107,134,135,136,137)
a:rolloverenable:(rolloverenabled,24,25,31,32,33,34,35,36,37,38,39,40,43,44,45,46,47,48,49,50,51,52,73,74,75,76,79,88,89,90,91,92,93,94,95,96,97,98,99,106,107,134,135,136,137)
a:rolloverenabled:(rolloverenabled,24,25,31,32,33,34,35,36,37,38,39,40,43,44,45,46,47,48,49,50,51,52,73,74,75,76,79,88,89,90,91,92,93,94,95,96,97,98,99,106,107,134,135,136,137)
a:start:(start,20)
a:thank:(thank,143)
a:update:(update,16,120)
a:validate:(validate,59)
a:verify:(verify,108)
a:welcome:(welcome,27)
a:will:(will,108)
c:0.0:(0.0,24,25,31,32,33,34,35,36,37,38,39,40,43,44,45,46,47,48,49,50,51,52,73,74,75,76,78,79,88,89,90,91,92,93,94,95,96,97,98,99,106,107,134,135,136,137)
c:0.5:(0.5,24,25,31,32,33,34,35,36,37,38,39,40,43,44,45,46,47,48,49,50,51,52,73,74,75,76,79,88,89,90,91,92,93,94,95,96,97,98,99,106,107,134,135,136,137)
c:100.0:(100.0,101,111,112,117)
c:1000:(1000,64,125,140)
c:106:(106,31,32,33,34,35,36,43,44,45,46,47,48,73,74,88,89)
c:107:(107,33,34,45,46,90,91,92,93,94,95,96,97)
c:1234:(1234,53,54,55,57,59,78,79,111,112,113,115,120)
c:130.0:(130.0,57,115,120)
c:141:(141,39,40,51,52,75,76,90,91,92,93,94,95,96,97,98,99,136,137)
c:15:(15,24,25,79,106,107)
c:1519728225349:(1519728225349,24,25)
c:1519728226703:(1519728226703,31,32)
c:1519728227415:(1519728227415,33,34)
c:1519728228028:(1519728228028,35,36)
c:1519728228996:(1519728228996,37,38)
c:1519728231628:(1519728231628,39,40)
c:1519728233100:(1519728233100,43,44)
c:1519728233743:(1519728233743,45,46)
c:1519728234311:(1519728234311,47,48)
c:1519728235087:(1519728235087,49,50)
c:1519728235974:(1519728235974,51,52)
c:1519728243463:(1519728243463,73,74)
c:1519728244884:(1519728244884,75,76)
c:1519728247007:(1519728247007,88,89)
c:1519728247804:(1519728247804,90,91)
c:1519728248604:(1519728248604,92,93)
c:1519728249164:(1519728249164,94,95)
c:1519728249596:(1519728249596,96,97)
c:1519728250607:(1519728250607,98,99)
c:1519728253605:(1519728253605,106,107)
c:1519728263160:(1519728263160,134,135)
c:1519728264376:(1519728264376,136,137)
c:160:(160,79)
c:16777217:(16777217,78,79)
c:170x20:(170x20,24,25,79,106,107)
c:2000:(2000,60)
c:208:(208,35,36,47,48,73,74)
c:230:(230,79)
c:230.0:(230.0,120)
c:286x157:(286x157,79)
c:288:(288,24,25,31,32,33,34,35,36,37,38,39,40,43,44,45,46,47,48,49,50,51,52,73,74,75,76,79,88,89,90,91,92,93,94,95,96,97,98,99,106,107,134,135,136,137)
c:326de728:(326de728,78,79)
c:398:(398,78,79)
c:3a419706:(3a419706,24,25,31,32,33,34,35,36,37,38,39,40,43,44,45,46,47,48,49,50,51,52,73,74,75,76,79,88,89,90,91,92,93,94,95,96,97,98,99,106,107,134,135,136,137)
c:4000:(4000,144)
c:5000:(5000,109)
c:567x380:(567x380,78,79)
c:605:(605,78,79)
c:71:(71,37,38,49,50,134,135)
c:75:(75,24,25,79,106,107)
c:95x29:(95x29,31,32,33,34,35,36,37,38,39,40,43,44,45,46,47,48,49,50,51,52,73,74,75,76,88,89,90,91,92,93,94,95,96,97,98,99,134,135,136,137)
c:account:(account,29,54,55,110,113,120)(accountnumber,54,55,113,120)(theaccountnumber,57,115)(useraccountnumber,53,78,79,111,112)
c:accountnumber:(accountnumber,54,55,113,120)
c:action:(action,25,32,34,36,38,40,44,46,48,50,52,74,76,89,91,93,95,97,99,135,137)(actionevent,24,25,31,32,33,34,35,36,37,38,39,40,43,44,45,46,47,48,49,50,51,52,73,74,75,76,88,89,90,91,92,93,94,95,96,97,98,99,106,107,134,135,136,137)
c:actionevent:(actionevent,24,25,31,32,33,34,35,36,37,38,39,40,43,44,45,46,47,48,49,50,51,52,73,74,75,76,88,89,90,91,92,93,94,95,96,97,98,99,106,107,134,135,136,137)
c:alignment:(alignmentx,24,25,31,32,33,34,35,36,37,38,39,40,43,44,45,46,47,48,49,50,51,52,73,74,75,76,78,79,88,89,90,91,92,93,94,95,96,97,98,99,106,107,134,135,136,137)(alignmenty,24,25,31,32,33,34,35,36,37,38,39,40,43,44,45,46,47,48,49,50,51,52,73,74,75,76,78,79,88,89,90,91,92,93,94,95,96,97,98,99,106,107,134,135,136,137)
c:alignmentx:(alignmentx,24,25,31,32,33,34,35,36,37,38,39,40,43,44,45,46,47,48,49,50,51,52,73,74,75,76,78,79,88,89,90,91,92,93,94,95,96,97,98,99,106,107,134,135,136,137)
c:alignmenty:(alignmenty,24,25,31,32,33,34,35,36,37,38,39,40,43,44,45,46,47,48,49,50,51,52,73,74,75,76,78,79,88,89,90,91,92,93,94,95,96,97,98,99,106,107,134,135,136,137)
c:amount:(amount,83,86,101,108,111,112,117)
c:anyenclosed:(anyenclosed,108)
c:aqua:(aquabuttonborder,24,25,31,32,33,34,35,36,37,38,39,40,43,44,45,46,47,48,49,50,51,52,73,74,75,76,79,88,89,90,91,92,93,94,95,96,97,98,99,106,107,134,135,136,137)
c:aquabuttonborder:(aquabuttonborder,24,25,31,32,33,34,35,36,37,38,39,40,43,44,45,46,47,48,49,50,51,52,73,74,75,76,79,88,89,90,91,92,93,94,95,96,97,98,99,106,107,134,135,136,137)
c:arg:(args,1)
c:args:(args,1)
c:atm:(atmbankdatabase,78,79)(atmdepositslot,79)(atmkeypad,79)(atmscreen,78,79)
c:atmbankdatabase:(atmbankdatabase,78,79)
c:atmdepositslot:(atmdepositslot,79)
c:atmkeypad:(atmkeypad,79)
c:atmscreen:(atmscreen,78,79)
c:available:(available,108,119)(availablebalance,120)(theavailablebalance,57,115)
c:availablebalance:(availablebalance,120)
c:balance:(availablebalance,120)(balance,67,118,119,120,128)(theavailablebalance,57,115)(thetotalbalance,57,115)(totalbalance,120)
c:bank:(atmbankdatabase,78,79)(bank,81)(bankdatabase,78,79)
c:bankdatabase:(bankdatabase,78,79)
c:base:(base,16)
c:border:(aquabuttonborder,24,25,31,32,33,34,35,36,37,38,39,40,43,44,45,46,47,48,49,50,51,52,73,74,75,76,79,88,89,90,91,92,93,94,95,96,97,98,99,106,107,134,135,136,137)(border,24,25,31,32,33,34,35,36,37,38,39,40,43,44,45,46,47,48,49,50,51,52,73,74,75,76,78,79,88,89,90,91,92,93,94,95,96,97,98,99,106,107,134,135,136,137)(paintborder,24,25,31,32,33,34,35,36,37,38,39,40,43,44,45,46,47,48,49,50,51,52,73,74,75,76,79,88,89,90,91,92,93,94,95,96,97,98,99,106,107,134,135,136,137)
c:bottom:(bottom,24,25,31,32,33,34,35,36,37,38,39,40,43,44,45,46,47,48,49,50,51,52,73,74,75,76,79,88,89,90,91,92,93,94,95,96,97,98,99,106,107,134,135,136,137)
c:button:(aquabuttonborder,24,25,31,32,33,34,35,36,37,38,39,40,43,44,45,46,47,48,49,50,51,52,73,74,75,76,79,88,89,90,91,92,93,94,95,96,97,98,99,106,107,134,135,136,137)(button,31,32,33,34,35,36,37,38,39,40,43,44,45,46,47,48,49,50,51,52,73,74,75,76,88,89,90,91,92,93,94,95,96,97,98,99,134,135,136,137)
c:button1:(button1,24,25,31,32,33,34,35,36,37,38,39,40,43,44,45,46,47,48,49,50,51,52,73,74,75,76,88,89,90,91,92,93,94,95,96,97,98,99,106,107,134,135,136,137)
c:capable:(defaultcapable,24,25,31,32,33,34,35,36,37,38,39,40,43,44,45,46,47,48,49,50,51,52,73,74,75,76,79,88,89,90,91,92,93,94,95,96,97,98,99,106,107,134,135,136,137)
c:card:(card,17,19,21,22,23,24,25,56,114,121,141,142,146,147,148,149)(cardslot,24,25)
c:card.jpg:(insertcard.jpg,19)
c:cardslot:(cardslot,24,25)
c:cash:(cash,68,108,129)
c:cent:(incents,86)
c:cents:(incents,86)
c:check:(checks,108)
c:checks:(checks,108)
c:choice:(choice,71,132)
c:cmd:(cmd,32,33,34,44,45,46,89)
c:component:(components,3,4,6,8,9)
c:components:(components,3,4,6,8,9)
c:confirm:(confirm,39,40,51,52,75,76,98,99,136,137)
c:credit:(credit,17,21,56,114,121,141,147)
c:data:(data,16)
c:database:(atmbankdatabase,78,79)(bankdatabase,78,79)(database,14,17,56,81,114,121)
c:datum:(data,16)
c:db:(db,17,56,114,121)(dbname,15,17,56,114,121)
c:dbname:(dbname,15,17,56,114,121)
c:default:(defaultcapable,24,25,31,32,33,34,35,36,37,38,39,40,43,44,45,46,47,48,49,50,51,52,73,74,75,76,79,88,89,90,91,92,93,94,95,96,97,98,99,106,107,134,135,136,137)(defaulticon,24,25,31,32,33,34,35,36,37,38,39,40,43,44,45,46,47,48,49,50,51,52,73,74,75,76,79,88,89,90,91,92,93,94,95,96,97,98,99,106,107,134,135,136,137)
c:defaultcapable:(defaultcapable,24,25,31,32,33,34,35,36,37,38,39,40,43,44,45,46,47,48,49,50,51,52,73,74,75,76,79,88,89,90,91,92,93,94,95,96,97,98,99,106,107,134,135,136,137)
c:defaulticon:(defaulticon,24,25,31,32,33,34,35,36,37,38,39,40,43,44,45,46,47,48,49,50,51,52,73,74,75,76,79,88,89,90,91,92,93,94,95,96,97,98,99,106,107,134,135,136,137)
c:deposit:(atmdepositslot,79)(deposit,18,69,83,86,100,130)(depositslot,79,106,107)(depositslot.jpg,18)
c:depositslot:(depositslot,79,106,107)
c:depositslot.jpg:(depositslot.jpg,18)
c:dimension:(dimension,78,79)
c:disabled:(disabled,79)(disabledicon,24,25,31,32,33,34,35,36,37,38,39,40,43,44,45,46,47,48,49,50,51,52,73,74,75,76,79,88,89,90,91,92,93,94,95,96,97,98,99,106,107,134,135,136,137)(disabledselectedicon,24,25,31,32,33,34,35,36,37,38,39,40,43,44,45,46,47,48,49,50,51,52,73,74,75,76,79,88,89,90,91,92,93,94,95,96,97,98,99,106,107,134,135,136,137)
c:disabledicon:(disabledicon,24,25,31,32,33,34,35,36,37,38,39,40,43,44,45,46,47,48,49,50,51,52,73,74,75,76,79,88,89,90,91,92,93,94,95,96,97,98,99,106,107,134,135,136,137)
c:disabledselectedicon:(disabledselectedicon,24,25,31,32,33,34,35,36,37,38,39,40,43,44,45,46,47,48,49,50,51,52,73,74,75,76,79,88,89,90,91,92,93,94,95,96,97,98,99,106,107,134,135,136,137)
c:dollar:(dollar,101)
c:dynamic:(dynamic,24,25,31,32,33,34,35,36,37,38,39,40,43,44,45,46,47,48,49,50,51,52,73,74,75,76,79,88,89,90,91,92,93,94,95,96,97,98,99,106,107,134,135,136,137)
c:eed1f14:(eed1f14,1)
c:envelope:(envelope,103,104,105,108,123)
c:event:(actionevent,24,25,31,32,33,34,35,36,37,38,39,40,43,44,45,46,47,48,49,50,51,52,73,74,75,76,88,89,90,91,92,93,94,95,96,97,98,99,106,107,134,135,136,137)
c:evt:(evt,25,32,34,36,38,40,44,46,48,50,52,74,76,89,91,93,95,97,99,107,135,137)
c:existence:(existence,14)
c:exit:(exit,70,131)
c:extra:(extra,4)
c:false:(false,24,25,31,32,33,34,35,36,37,38,39,40,43,44,45,46,47,48,49,50,51,52,73,74,75,76,79,88,89,90,91,92,93,94,95,96,97,98,99,106,107,134,135,136,137)
c:flag:(flags,24,25,31,32,33,34,35,36,37,38,39,40,43,44,45,46,47,48,49,50,51,52,73,74,75,76,78,79,88,89,90,91,92,93,94,95,96,97,98,99,106,107,134,135,136,137)
c:flags:(flags,24,25,31,32,33,34,35,36,37,38,39,40,43,44,45,46,47,48,49,50,51,52,73,74,75,76,78,79,88,89,90,91,92,93,94,95,96,97,98,99,106,107,134,135,136,137)
c:focus:(paintfocus,24,25,31,32,33,34,35,36,37,38,39,40,43,44,45,46,47,48,49,50,51,52,73,74,75,76,79,88,89,90,91,92,93,94,95,96,97,98,99,106,107,134,135,136,137)
c:fund:(funds,69,130)
c:funds:(funds,69,130)
c:goodbye:(goodbye,143)
c:group:(grouplayout,79)
c:grouplayout:(grouplayout,79)
c:height:(height,78,79)
c:icon:(defaulticon,24,25,31,32,33,34,35,36,37,38,39,40,43,44,45,46,47,48,49,50,51,52,73,74,75,76,79,88,89,90,91,92,93,94,95,96,97,98,99,106,107,134,135,136,137)(disabledicon,24,25,31,32,33,34,35,36,37,38,39,40,43,44,45,46,47,48,49,50,51,52,73,74,75,76,79,88,89,90,91,92,93,94,95,96,97,98,99,106,107,134,135,136,137)(disabledselectedicon,24,25,31,32,33,34,35,36,37,38,39,40,43,44,45,46,47,48,49,50,51,52,73,74,75,76,79,88,89,90,91,92,93,94,95,96,97,98,99,106,107,134,135,136,137)(icons,18,19)(pressedicon,24,25,31,32,33,34,35,36,37,38,39,40,43,44,45,46,47,48,49,50,51,52,73,74,75,76,79,88,89,90,91,92,93,94,95,96,97,98,99,106,107,134,135,136,137)(rollovericon,24,25,31,32,33,34,35,36,37,38,39,40,43,44,45,46,47,48,49,50,51,52,73,74,75,76,79,88,89,90,91,92,93,94,95,96,97,98,99,106,107,134,135,136,137)(rolloverselectedicon,24,25,31,32,33,34,35,36,37,38,39,40,43,44,45,46,47,48,49,50,51,52,73,74,75,76,79,88,89,90,91,92,93,94,95,96,97,98,99,106,107,134,135,136,137)(selectedicon,24,25,31,32,33,34,35,36,37,38,39,40,43,44,45,46,47,48,49,50,51,52,73,74,75,76,79,88,89,90,91,92,93,94,95,96,97,98,99,106,107,134,135,136,137)
c:icons:(icons,18,19)
c:image:(image,22,103,123,142,146,148)
c:img:(imgurl,18,19)
c:imgurl:(imgurl,18,19)
c:incent:(incents,86)
c:incents:(incents,86)
c:input:(input,30,42,72,87,133)
c:insert:(insert,19,24,25)(insertcard.jpg,19)
c:insertcard.jpg:(insertcard.jpg,19)
c:inset:(insetsuiresource,24,25,31,32,33,34,35,36,37,38,39,40,43,44,45,46,47,48,49,50,51,52,73,74,75,76,79,88,89,90,91,92,93,94,95,96,97,98,99,106,107,134,135,136,137)
c:insets:(insetsuiresource,24,25,31,32,33,34,35,36,37,38,39,40,43,44,45,46,47,48,49,50,51,52,73,74,75,76,79,88,89,90,91,92,93,94,95,96,97,98,99,106,107,134,135,136,137)
c:insetsuiresource:(insetsuiresource,24,25,31,32,33,34,35,36,37,38,39,40,43,44,45,46,47,48,49,50,51,52,73,74,75,76,79,88,89,90,91,92,93,94,95,96,97,98,99,106,107,134,135,136,137)
c:invalid:(invalid,78,79)
c:just:(just,108)
c:keypad:(atmkeypad,79)(keypad,79)
c:layout:(grouplayout,79)(layout,79)
c:line:(line,21,27,29,41,66,67,68,69,70,71,102,108,127,128,129,130,131,132,139,141,143,147)
c:main:(main,63,66,124,127)
c:margin:(margin,24,25,31,32,33,34,35,36,37,38,39,40,43,44,45,46,47,48,49,50,51,52,73,74,75,76,79,88,89,90,91,92,93,94,95,96,97,98,99,106,107,134,135,136,137)
c:maximum:(maximumsize,24,25,31,32,33,34,35,36,37,38,39,40,43,44,45,46,47,48,49,50,51,52,73,74,75,76,78,79,88,89,90,91,92,93,94,95,96,97,98,99,106,107,134,135,136,137)
c:maximumsize:(maximumsize,24,25,31,32,33,34,35,36,37,38,39,40,43,44,45,46,47,48,49,50,51,52,73,74,75,76,78,79,88,89,90,91,92,93,94,95,96,97,98,99,106,107,134,135,136,137)
c:menu:(menu,63,66,124,127)
c:message:(message,21,26,27,29,41,61,65,66,67,68,69,70,71,85,86,100,102,108,126,127,128,129,130,131,132,138,139,141,143,145,147)
c:minimum:(minimumsize,24,25,31,32,33,34,35,36,37,38,39,40,43,44,45,46,47,48,49,50,51,52,73,74,75,76,78,79,88,89,90,91,92,93,94,95,96,97,98,99,106,107,134,135,136,137)
c:minimumsize:(minimumsize,24,25,31,32,33,34,35,36,37,38,39,40,43,44,45,46,47,48,49,50,51,52,73,74,75,76,78,79,88,89,90,91,92,93,94,95,96,97,98,99,106,107,134,135,136,137)
c:modifier:(modifiers,24,25,31,32,33,34,35,36,37,38,39,40,43,44,45,46,47,48,49,50,51,52,73,74,75,76,88,89,90,91,92,93,94,95,96,97,98,99,106,107,134,135,136,137)
c:modifiers:(modifiers,24,25,31,32,33,34,35,36,37,38,39,40,43,44,45,46,47,48,49,50,51,52,73,74,75,76,88,89,90,91,92,93,94,95,96,97,98,99,106,107,134,135,136,137)
c:money:(money,79,106,107,108)
c:ms:(ms,60,64,109,125,140,144)
c:my:(my,67,128)
c:name:(dbname,15,17,56,114,121)
c:not:(not,108)
c:note:(received.note,108)
c:number:(accountnumber,54,55,113,120)(number,29,110)(theaccountnumber,57,115)(useraccountnumber,53,78,79,111,112)
c:or:(or,86)
c:out:(out,9)
c:paint:(paintborder,24,25,31,32,33,34,35,36,37,38,39,40,43,44,45,46,47,48,49,50,51,52,73,74,75,76,79,88,89,90,91,92,93,94,95,96,97,98,99,106,107,134,135,136,137)(paintfocus,24,25,31,32,33,34,35,36,37,38,39,40,43,44,45,46,47,48,49,50,51,52,73,74,75,76,79,88,89,90,91,92,93,94,95,96,97,98,99,106,107,134,135,136,137)
c:paintborder:(paintborder,24,25,31,32,33,34,35,36,37,38,39,40,43,44,45,46,47,48,49,50,51,52,73,74,75,76,79,88,89,90,91,92,93,94,95,96,97,98,99,106,107,134,135,136,137)
c:paintfocu:(paintfocus,24,25,31,32,33,34,35,36,37,38,39,40,43,44,45,46,47,48,49,50,51,52,73,74,75,76,79,88,89,90,91,92,93,94,95,96,97,98,99,106,107,134,135,136,137)
c:paintfocus:(paintfocus,24,25,31,32,33,34,35,36,37,38,39,40,43,44,45,46,47,48,49,50,51,52,73,74,75,76,79,88,89,90,91,92,93,94,95,96,97,98,99,106,107,134,135,136,137)
c:performed:(performed,25,32,34,36,38,40,44,46,48,50,52,74,76,89,91,93,95,97,99,107,135,137)
c:pin:(pin,41,59)(thepin,57,115)(userpin,53,59)
c:preferred:(preferredsize,24,25,31,32,33,34,35,36,37,38,39,40,43,44,45,46,47,48,49,50,51,52,73,74,75,76,78,79,88,89,90,91,92,93,94,95,96,97,98,99,106,107,134,135,136,137)
c:preferredsize:(preferredsize,24,25,31,32,33,34,35,36,37,38,39,40,43,44,45,46,47,48,49,50,51,52,73,74,75,76,78,79,88,89,90,91,92,93,94,95,96,97,98,99,106,107,134,135,136,137)
c:pressed:(pressedicon,24,25,31,32,33,34,35,36,37,38,39,40,43,44,45,46,47,48,49,50,51,52,73,74,75,76,79,88,89,90,91,92,93,94,95,96,97,98,99,106,107,134,135,136,137)
c:pressedicon:(pressedicon,24,25,31,32,33,34,35,36,37,38,39,40,43,44,45,46,47,48,49,50,51,52,73,74,75,76,79,88,89,90,91,92,93,94,95,96,97,98,99,106,107,134,135,136,137)
c:put:(put,106,107)
c:received.:(received.note,108)
c:received.note:(received.note,108)
c:resource:(insetsuiresource,24,25,31,32,33,34,35,36,37,38,39,40,43,44,45,46,47,48,49,50,51,52,73,74,75,76,79,88,89,90,91,92,93,94,95,96,97,98,99,106,107,134,135,136,137)
c:right:(right,24,25,31,32,33,34,35,36,37,38,39,40,43,44,45,46,47,48,49,50,51,52,73,74,75,76,79,88,89,90,91,92,93,94,95,96,97,98,99,106,107,134,135,136,137)
c:rollover:(rollovericon,24,25,31,32,33,34,35,36,37,38,39,40,43,44,45,46,47,48,49,50,51,52,73,74,75,76,79,88,89,90,91,92,93,94,95,96,97,98,99,106,107,134,135,136,137)(rolloverselectedicon,24,25,31,32,33,34,35,36,37,38,39,40,43,44,45,46,47,48,49,50,51,52,73,74,75,76,79,88,89,90,91,92,93,94,95,96,97,98,99,106,107,134,135,136,137)
c:rollovericon:(rollovericon,24,25,31,32,33,34,35,36,37,38,39,40,43,44,45,46,47,48,49,50,51,52,73,74,75,76,79,88,89,90,91,92,93,94,95,96,97,98,99,106,107,134,135,136,137)
c:rolloverselectedicon:(rolloverselectedicon,24,25,31,32,33,34,35,36,37,38,39,40,43,44,45,46,47,48,49,50,51,52,73,74,75,76,79,88,89,90,91,92,93,94,95,96,97,98,99,106,107,134,135,136,137)
c:screen:(atmscreen,78,79)(screen,26,61,65,78,79,82,84,85,126,138,145)
c:selected:(disabledselectedicon,24,25,31,32,33,34,35,36,37,38,39,40,43,44,45,46,47,48,49,50,51,52,73,74,75,76,79,88,89,90,91,92,93,94,95,96,97,98,99,106,107,134,135,136,137)(rolloverselectedicon,24,25,31,32,33,34,35,36,37,38,39,40,43,44,45,46,47,48,49,50,51,52,73,74,75,76,79,88,89,90,91,92,93,94,95,96,97,98,99,106,107,134,135,136,137)(selectedicon,24,25,31,32,33,34,35,36,37,38,39,40,43,44,45,46,47,48,49,50,51,52,73,74,75,76,79,88,89,90,91,92,93,94,95,96,97,98,99,106,107,134,135,136,137)
c:selectedicon:(selectedicon,24,25,31,32,33,34,35,36,37,38,39,40,43,44,45,46,47,48,49,50,51,52,73,74,75,76,79,88,89,90,91,92,93,94,95,96,97,98,99,106,107,134,135,136,137)
c:size:(maximumsize,24,25,31,32,33,34,35,36,37,38,39,40,43,44,45,46,47,48,49,50,51,52,73,74,75,76,78,79,88,89,90,91,92,93,94,95,96,97,98,99,106,107,134,135,136,137)(minimumsize,24,25,31,32,33,34,35,36,37,38,39,40,43,44,45,46,47,48,49,50,51,52,73,74,75,76,78,79,88,89,90,91,92,93,94,95,96,97,98,99,106,107,134,135,136,137)(preferredsize,24,25,31,32,33,34,35,36,37,38,39,40,43,44,45,46,47,48,49,50,51,52,73,74,75,76,78,79,88,89,90,91,92,93,94,95,96,97,98,99,106,107,134,135,136,137)
c:slot:(atmdepositslot,79)(cardslot,24,25)(depositslot,79,106,107)(slot,18)
c:slot.jpg:(depositslot.jpg,18)
c:slotaction:(slotaction,107)
c:system:(system,139)
c:text:(text,24,25,31,32,33,34,35,36,37,38,39,40,43,44,45,46,47,48,49,50,51,52,73,74,75,76,79,88,89,90,91,92,93,94,95,96,97,98,99,106,107,134,135,136,137)
c:theaccountnumber:(theaccountnumber,57,115)
c:theavailablebalance:(theavailablebalance,57,115)
c:thepin:(thepin,57,115)
c:thetotalbalance:(thetotalbalance,57,115)
c:top:(top,24,25,31,32,33,34,35,36,37,38,39,40,43,44,45,46,47,48,49,50,51,52,73,74,75,76,79,88,89,90,91,92,93,94,95,96,97,98,99,106,107,134,135,136,137)
c:total:(thetotalbalance,57,115)(total,118)(totalbalance,120)
c:totalbalance:(totalbalance,120)
c:transaction:(transaction,77)(transactions,62)
c:transactions:(transactions,62)
c:true:(true,24,25,31,32,33,34,35,36,37,38,39,40,43,44,45,46,47,48,49,50,51,52,73,74,75,76,79,88,89,90,91,92,93,94,95,96,97,98,99,106,107,134,135,136,137)
c:type:(type,77)
c:ui:(insetsuiresource,24,25,31,32,33,34,35,36,37,38,39,40,43,44,45,46,47,48,49,50,51,52,73,74,75,76,79,88,89,90,91,92,93,94,95,96,97,98,99,106,107,134,135,136,137)
c:until:(until,108)
c:url:(imgurl,18,19)
c:user:(user,28,53)(useraccountnumber,53,78,79,111,112)(userpin,53,59)
c:useraccountnumber:(useraccountnumber,53,78,79,111,112)
c:userpin:(userpin,53,59)
c:view:(view,67,128)
c:we:(we,108)
c:when:(when,24,25,31,32,33,34,35,36,37,38,39,40,43,44,45,46,47,48,49,50,51,52,73,74,75,76,88,89,90,91,92,93,94,95,96,97,98,99,106,107,134,135,136,137)
c:width:(width,78,79)
c:withdraw:(withdraw,68,129)
c:you:(you,143)
c:your:(your,21,29,41,108,141,147)
s:account:(account,57,59,115,117,118,119)
s:action:(actionperformed,24,31,33,35,37,39,43,45,47,49,51,73,75,88,90,92,94,96,98,106,134,136)
s:actionperformed:(actionperformed,24,31,33,35,37,39,43,45,47,49,51,73,75,88,90,92,94,96,98,106,134,136)
s:atm:(atmgui,1,7,8,9,18,19,20,28,60,62,63,64,77,124,125,140,144)
s:atmgui:(atmgui,1,7,8,9,18,19,20,28,60,62,63,64,77,124,125,140,144)
s:bank:(bankdatabase,13,53,54,111)
s:bankdatabase:(bankdatabase,13,53,54,111)
s:button:(button,11,12,23,25,104,105,107,149)
s:card:(cardslot,12,23,24,25,149)
s:cardslot:(cardslot,12,23,24,25,149)
s:cash:(cashdispenser,10)
s:cashdispenser:(cashdispenser,10)
s:database:(bankdatabase,13,53,54,111)(databaseutilities,14,15,16,17,55,56,58,112,113,114,116,120,121,122)
s:databaseutilitie:(databaseutilities,14,15,16,17,55,56,58,112,113,114,116,120,121,122)
s:databaseutilities:(databaseutilities,14,15,16,17,55,56,58,112,113,114,116,120,121,122)
s:databaseutility:(databaseutilities,14,15,16,17,55,56,58,112,113,114,116,120,121,122)
s:deposit:(deposit,79,80,83)(depositslot,11,104,105,106,107)
s:depositslot:(depositslot,11,104,105,106,107)
s:dispenser:(cashdispenser,10)
s:frame:(frame,7,8,9,18,19,20,28,62,63,77,124)
s:gui:(atmgui,1,7,8,9,18,19,20,28,60,62,63,64,77,124,125,140,144)
s:keypad:(keypad,5,6,30,31,32,33,34,35,36,37,38,39,40,42,43,44,45,46,47,48,49,50,51,52,72,73,74,75,76,87,88,89,90,91,92,93,94,95,96,97,98,99,133,134,135,136,137)
s:panel:(panel,2,3,4,5,6,21,22,26,27,29,30,32,34,36,38,40,41,42,44,46,48,50,52,61,65,66,67,68,69,70,71,72,74,76,85,86,87,89,91,93,95,97,99,100,101,102,103,108,123,126,127,128,129,130,131,132,133,135,137,138,139,141,142,143,145,146,147,148)
s:performed:(actionperformed,24,31,33,35,37,39,43,45,47,49,51,73,75,88,90,92,94,96,98,106,134,136)
s:screen:(screen,2,3,4,21,22,26,27,29,41,61,65,66,67,68,69,70,71,85,86,100,101,102,103,108,123,126,127,128,129,130,131,132,138,139,141,142,143,145,146,147,148)
s:slot:(cardslot,12,23,24,25,149)(depositslot,11,104,105,106,107)
s:transaction:(transaction,78,79,80,81,82,83,84,109,110)
s:utilities:(databaseutilities,14,15,16,17,55,56,58,112,113,114,116,120,121,122)
s:utility:(databaseutilities,14,15,16,17,55,56,58,112,113,114,116,120,121,122)
